73.3636
73.3636
73.3636
91.244
95.4361
95.4361
95.4361
95.4361
95.4361
95.4361
95.4361
95.4361
95.4361
95.4361
88.5197
78.7109
78.7109
78.7109
78.7109
78.7109
78.7109
78.7109
78.7109
78.7109
78.7109
78.7109
78.7109
78.7109
84.4483
99.3811
99.3811
99.3811
99.3811
99.3811
99.3811
99.3811
99.3811
99.3811
99.3811
99.3811
99.6373
84.1113
84.1113
84.1113
84.1113
84.1113
84.1113
84.1113
84.1113
84.1113
84.1113
84.1113
92.7888
94.5086
94.5086
94.5086
94.5086
94.5086
94.5086
94.5086
94.5086
94.5086
94.5086
94.5086
91.0976
89.3034
89.3034
89.3034
89.3034
89.3034
89.3034
89.3034
89.3034
89.3034
89.3034
89.3034
89.3034
89.3034
75.0308
72.752
72.752
72.752
72.752
72.752
72.752
72.752
72.752
72.752
72.752
72.752
72.752
74.786
94.8522
94.8522
94.8522
94.8522
94.8522
94.8522
94.8522
94.8522
