87.6258
71.9698
71.9698
71.9698
71.9698
71.9698
71.9698
71.9698
71.9698
71.9698
71.9698
71.9698
80.9291
90.6298
90.6298
90.6298
90.6298
90.6298
90.6298
90.6298
90.6298
90.6298
90.6298
90.6298
90.537
65.8037
65.8037
65.8037
65.8037
65.8037
65.8037
65.8037
65.8037
65.8037
65.8037
65.8037
80.5381
83.7037
83.7037
83.7037
83.7037
83.7037
83.7037
83.7037
83.7037
83.7037
83.7037
83.7037
84.1382
96.1924
96.1924
96.1924
96.1924
96.1924
96.1924
96.1924
96.1924
96.1924
96.1924
96.1924
96.1924
96.1924
84.7578
76.6796
76.6796
76.6796
76.6796
76.6796
76.6796
76.6796
76.6796
76.6796
76.6796
76.6796
91.5892
97.736
97.736
97.736
97.736
97.736
97.736
97.736
97.736
97.736
97.736
97.736
97.736
75.287
72.5061
72.5061
72.5061
72.5061
72.5061
72.5061
72.5061
72.5061
72.5061
72.5061
77.2289
91.4335
