93.3399
93.3399
93.3399
93.3399
93.4335
87.3162
87.3162
87.3162
87.3162
87.3162
87.3162
87.3162
87.3162
87.3162
87.3162
87.3162
87.3162
87.3162
87.3162
87.3162
87.3162
87.3162
92.3101
87.9266
87.9266
87.9266
87.9266
87.9266
87.9266
87.9266
87.9266
87.9266
87.9266
87.9266
87.9266
87.9266
87.9266
89.8434
93.8465
93.8465
93.8465
93.8465
93.8465
93.8465
93.8465
93.8465
93.8465
93.8465
93.8465
93.8465
93.8465
93.8465
93.8465
93.8465
93.8465
81.6263
81.6263
81.6263
81.6263
81.6263
81.6263
81.6263
81.6263
81.6263
81.6263
81.6263
81.6263
81.6263
81.6263
81.6263
82.8215
99.9241
99.9241
99.9241
99.9241
99.9241
99.9241
99.9241
99.9241
99.9241
99.9241
99.9241
99.9241
99.9241
99.9241
99.9241
99.9241
87.9732
76.3728
76.3728
76.3728
76.3728
76.3728
76.3728
76.3728
76.3728
76.3728
76.3728
76.3728
76.3728
