88.1893
88.1893
88.1893
88.1893
88.1893
88.1893
88.1893
88.1893
88.1893
88.1893
88.1893
90.454
98.4429
98.4429
98.4429
98.4429
98.4429
98.4429
98.4429
98.4429
98.4429
98.4429
98.4429
98.4429
94.9082
81.4834
81.4834
81.4834
81.4834
81.4834
81.4834
81.4834
81.4834
81.4834
81.4834
81.4834
81.4834
81.4834
99.0433
99.2158
99.2158
99.2158
99.2158
99.2158
99.2158
99.2158
99.2158
99.2158
99.2158
99.2158
99.2158
99.2158
99.2158
99.2158
99.2158
78.1896
75.8882
75.8882
75.8882
75.8882
75.8882
75.8882
75.8882
75.8882
75.8882
75.8882
75.8882
75.8882
75.8882
75.8882
75.8882
88.5276
94.6615
94.6615
94.6615
94.6615
94.6615
94.6615
94.6615
94.6615
94.6615
94.6615
94.6615
94.6615
94.6615
94.6615
94.6615
88.0325
67.5297
67.5297
67.5297
67.5297
67.5297
67.5297
67.5297
67.5297
67.5297
67.5297
67.5297
67.5297
