98.8595
98.8595
98.8595
98.8595
98.8595
98.8595
98.8595
98.8595
98.8595
98.8595
98.8595
85.7305
78.9224
78.9224
78.9224
78.9224
78.9224
78.9224
78.9224
78.9224
78.9224
78.9224
78.9224
78.9224
78.9224
78.9224
81.4388
95.3357
95.3357
95.3357
95.3357
95.3357
95.3357
95.3357
95.3357
95.3357
95.3357
95.3357
95.3357
95.3357
95.3357
95.3357
95.3357
87.3406
85.7397
85.7397
85.7397
85.7397
85.7397
85.7397
85.7397
85.7397
85.7397
85.7397
85.7397
85.7397
85.7397
85.7397
85.7397
85.7397
96.3587
90.1355
90.1355
90.1355
90.1355
90.1355
90.1355
90.1355
90.1355
90.1355
90.1355
90.1355
90.1355
90.1355
90.1355
90.1355
93.9407
91.6559
91.6559
91.6559
91.6559
91.6559
91.6559
91.6559
91.6559
91.6559
91.6559
91.6559
91.6559
91.6559
91.6559
91.6559
91.6559
91.041
83.7376
83.7376
83.7376
83.7376
83.7376
83.7376
