87.8488
87.8488
87.8488
87.8488
87.8488
90.2539
90.2539
90.2539
90.2539
90.2539
90.2539
90.2539
90.2539
90.2539
90.2539
90.2539
90.2539
99.6377
93.3861
93.3861
93.3861
93.3861
93.3861
93.3861
93.3861
93.3861
93.3861
93.3861
88.1852
82.413
82.413
82.413
82.413
82.413
82.413
82.413
82.413
82.413
82.413
82.413
82.413
86.1695
98.9234
98.9234
98.9234
98.9234
98.9234
98.9234
98.9234
98.9234
98.9234
98.9234
98.9234
98.9234
90.9427
81.2542
81.2542
81.2542
81.2542
81.2542
81.2542
81.2542
81.2542
81.2542
81.2542
81.2542
81.2542
87.0274
95.8294
95.8294
95.8294
95.8294
95.8294
95.8294
95.8294
95.8294
95.8294
95.8294
95.8294
96.827
86.7412
86.7412
86.7412
86.7412
86.7412
86.7412
86.7412
86.7412
86.7412
86.7412
86.7412
86.7412
86.7412
91.4295
90.8596
90.8596
90.8596
90.8596
90.8596
90.8596
