84.6484
84.6484
84.6484
75.762
71.4424
71.4424
71.4424
71.4424
71.4424
71.4424
71.4424
71.4424
71.4424
71.4424
71.4424
62.8413
58.1878
58.1878
58.1878
58.1878
58.1878
58.1878
58.1878
58.1878
58.1878
58.1878
58.1878
69.4623
75.7648
75.7648
75.7648
75.7648
75.7648
75.7648
75.7648
75.7648
75.7648
75.7648
75.7648
75.0166
62.7197
62.7197
62.7197
62.7197
62.7197
62.7197
62.7197
62.7197
62.7197
62.7197
62.7197
62.7197
62.7197
62.7197
80.0833
80.0833
80.0833
80.0833
80.0833
80.0833
80.0833
80.0833
80.0833
80.0833
80.0833
80.0833
80.0833
80.0833
69.7055
66.8727
66.8727
66.8727
66.8727
66.8727
66.8727
66.8727
66.8727
66.8727
66.8727
66.8727
66.8727
66.8727
66.8727
66.8727
75.1518
84.234
84.234
84.234
84.234
84.234
84.234
84.234
84.234
84.234
84.234
84.234
84.234
84.234
84.234
80.6187
