71.8059
71.8059
71.8059
71.8059
71.8059
71.8059
71.8059
71.8059
71.8059
82.9791
86.3664
86.3664
86.3664
86.3664
86.3664
86.3664
86.3664
86.3664
86.3664
86.3664
86.3664
86.3664
76.1288
70.781
70.781
70.781
70.781
70.781
70.781
70.781
70.781
70.781
70.781
70.781
70.781
70.781
70.781
70.781
90.223
91.0107
91.0107
91.0107
91.0107
91.0107
91.0107
91.0107
91.0107
91.0107
91.0107
91.0107
91.0107
91.0107
81.2812
75.5959
75.5959
75.5959
75.5959
75.5959
75.5959
75.5959
75.5959
75.5959
75.5959
75.5959
75.5959
94.4585
95.8512
95.8512
95.8512
95.8512
95.8512
95.8512
95.8512
95.8512
95.8512
95.8512
80.6358
80.4427
80.4427
80.4427
80.4427
80.4427
80.4427
80.4427
80.4427
80.4427
80.4427
90.8693
99.1754
99.1754
99.1754
99.1754
99.1754
99.1754
99.1754
99.1754
99.1754
93.6071
85.4671
85.4671
