90.555
77.6067
77.6067
77.6067
77.6067
77.6067
77.6067
77.6067
77.6067
77.6067
77.6067
77.6067
77.6067
77.6067
77.6067
91.8082
99.0706
99.0706
99.0706
99.0706
99.0706
99.0706
99.0706
99.0706
99.0706
99.0706
99.0706
99.0706
99.5781
82.9937
82.9937
82.9937
82.9937
82.9937
82.9937
82.9937
82.9937
82.9937
82.9937
82.9937
82.9937
82.9937
82.9937
84.0812
94.1498
94.1498
94.1498
94.1498
94.1498
94.1498
94.1498
94.1498
94.1498
94.1498
94.1498
94.1498
96.3377
88.7487
88.7487
88.7487
88.7487
88.7487
88.7487
88.7487
88.7487
88.7487
88.7487
88.7487
88.7487
88.7487
88.7487
93.3602
88.6551
88.6551
88.6551
88.6551
88.6551
88.6551
88.6551
88.6551
88.6551
88.6551
88.6551
88.6551
95.0133
94.2888
94.2888
94.2888
94.2888
94.2888
94.2888
94.2888
94.2888
94.2888
94.2888
94.2888
94.2888
94.2888
89.3326
83.5887
