96.754
96.754
96.754
97.069
79.6204
79.6204
79.6204
79.6204
79.6204
79.6204
79.6204
79.6204
79.6204
79.6204
79.6204
85.1406
97.103
97.103
97.103
97.103
97.103
97.103
97.103
97.103
97.103
97.103
97.103
97.103
97.103
75.1784
74.4109
74.4109
74.4109
74.4109
74.4109
74.4109
74.4109
74.4109
74.4109
74.4109
78.493
91.193
91.193
91.193
91.193
91.193
91.193
91.193
91.193
91.193
91.193
91.193
93.6605
89.3168
89.3168
89.3168
89.3168
89.3168
89.3168
89.3168
89.3168
89.3168
89.3168
89.3168
89.3168
89.3168
86.5643
86.5643
86.5643
86.5643
86.5643
86.5643
86.5643
86.5643
86.5643
86.5643
86.5643
86.5643
96.7317
95.9224
95.9224
95.9224
95.9224
95.9224
95.9224
95.9224
95.9224
95.9224
95.9224
95.9224
95.9224
97.0034
80.2125
80.2125
80.2125
80.2125
80.2125
80.2125
80.2125
80.2125
